
===== SUMMARY SEED 123 (FROZEN) =====
       seed      fold  accuracy  precision    recall        f1       auc    pr_auc       mcc
0     123.0  1.000000  0.945392   0.971395  0.953216  0.962220  0.985150  0.994315  0.864291
1     123.0  2.000000  0.949616   0.986536  0.943794  0.964692  0.988789  0.995941  0.879538
2     123.0  3.000000  0.953032   0.978443  0.956674  0.967436  0.985369  0.993561  0.883967
3     123.0  4.000000  0.943638   0.969084  0.953216  0.961085  0.988208  0.995805  0.859328
4     123.0  5.000000  0.946200   0.978261  0.947368  0.962567  0.984921  0.994308  0.868466
mean  123.0  3.000000  0.947576   0.976744  0.950854  0.963600  0.986487  0.994786  0.871118
std     0.0  1.414214  0.003349   0.006138  0.004627  0.002245  0.001658  0.000930  0.009259

===== SUMMARY SEED 123 (FINE-TUNED) =====
       seed      fold  accuracy  precision    recall        f1       auc    pr_auc       mcc
0     123.0  1.000000  0.942833   0.976998  0.943860  0.960143  0.987478  0.995219  0.860793
1     123.0  2.000000  0.947054   0.987685  0.939110  0.962785  0.989025  0.996031  0.874603
2     123.0  3.000000  0.956447   0.978546  0.961358  0.969876  0.987419  0.994622  0.891772
3     123.0  4.000000  0.938514   0.982737  0.932164  0.956783  0.988833  0.996045  0.854101
4     123.0  5.000000  0.953886   0.978495  0.957895  0.968085  0.987275  0.995190  0.885693
mean  123.0  3.000000  0.947747   0.980892  0.946877  0.963534  0.988006  0.995421  0.873392
std     0.0  1.414214  0.006682   0.003898  0.011109  0.004870  0.000759  0.000547  0.014293

===== SUMMARY SEED 123 (AGGREGATED MEAN) =====
             seed  fold  accuracy  precision    recall        f1       auc    pr_auc       mcc
protocol                                                                                      
Fine-tuned  123.0   3.0  0.947747   0.980892  0.946877  0.963534  0.988006  0.995421  0.873392
Frozen      123.0   3.0  0.947576   0.976744  0.950854  0.963600  0.986487  0.994786  0.871118

===== SUMMARY SEED 123 (AGGREGATED STD) =====
            seed      fold  accuracy  precision    recall        f1       auc    pr_auc       mcc
protocol                                                                                         
Fine-tuned   0.0  1.581139  0.007471   0.004358  0.012420  0.005445  0.000849  0.000611  0.015980
Frozen       0.0  1.581139  0.003745   0.006862  0.005173  0.002510  0.001854  0.001040  0.010352