
===== SUMMARY SEED 2026 (FROZEN) =====
        seed      fold  accuracy  precision    recall        f1       auc    pr_auc       mcc
0     2026.0  1.000000  0.944539   0.972488  0.950877  0.961561  0.987500  0.995281  0.862767
1     2026.0  2.000000  0.942784   0.981640  0.939110  0.959904  0.986392  0.995150  0.862798
2     2026.0  3.000000  0.945346   0.961449  0.963700  0.962573  0.984305  0.993487  0.861316
3     2026.0  4.000000  0.962425   0.985629  0.962573  0.973964  0.993301  0.997481  0.907333
4     2026.0  5.000000  0.939368   0.975728  0.940351  0.957713  0.984044  0.993820  0.852565
mean  2026.0  3.000000  0.946892   0.975387  0.951322  0.963143  0.987108  0.995044  0.869356
std      0.0  1.414214  0.008034   0.008328  0.010483  0.005655  0.003355  0.001409  0.019366

===== SUMMARY SEED 2026 (FINE-TUNED) =====
        seed      fold  accuracy  precision    recall        f1       auc    pr_auc       mcc
0     2026.0  1.000000  0.937713   0.987531  0.926316  0.955944  0.988418  0.995654  0.855138
1     2026.0  2.000000  0.944492   0.981685  0.941452  0.961148  0.987832  0.995650  0.866458
2     2026.0  3.000000  0.940222   0.973430  0.943794  0.958383  0.985261  0.993894  0.853696
3     2026.0  4.000000  0.967549   0.984579  0.970760  0.977621  0.994023  0.997762  0.918929
4     2026.0  5.000000  0.940222   0.976914  0.940351  0.958284  0.984414  0.993963  0.854930
mean  2026.0  3.000000  0.946040   0.980828  0.944535  0.962276  0.987990  0.995385  0.869830
std      0.0  1.414214  0.010973   0.005095  0.014472  0.007848  0.003371  0.001417  0.024981

===== SUMMARY SEED 2026 (AGGREGATED MEAN) =====
              seed  fold  accuracy  precision    recall        f1       auc    pr_auc       mcc
protocol                                                                                       
Fine-tuned  2026.0   3.0  0.946040   0.980828  0.944535  0.962276  0.987990  0.995385  0.869830
Frozen      2026.0   3.0  0.946892   0.975387  0.951322  0.963143  0.987108  0.995044  0.869356

===== SUMMARY SEED 2026 (AGGREGATED STD) =====
            seed      fold  accuracy  precision    recall        f1       auc    pr_auc       mcc
protocol                                                                                         
Fine-tuned   0.0  1.581139  0.012269   0.005696  0.016181  0.008774  0.003769  0.001584  0.027930
Frozen       0.0  1.581139  0.008982   0.009311  0.011721  0.006323  0.003750  0.001575  0.021652