
===== SUMMARY SEED 123 (FROZEN) =====
       seed      fold  accuracy  precision    recall        f1       auc    pr_auc       mcc
0     123.0  1.000000  0.820819   0.871972  0.884211  0.878049  0.878363  0.955763  0.540676
1     123.0  2.000000  0.810418   0.859909  0.884075  0.871824  0.865055  0.946821  0.508878
2     123.0  3.000000  0.802733   0.877576  0.847775  0.862418  0.855588  0.944633  0.515327
3     123.0  4.000000  0.812980   0.910853  0.824561  0.865562  0.875972  0.954538  0.568436
4     123.0  5.000000  0.801879   0.845727  0.891228  0.867882  0.863806  0.948635  0.475664
mean  123.0  3.000000  0.809766   0.873207  0.866370  0.869147  0.867757  0.950078  0.521796
std     0.0  1.414214  0.006994   0.021771  0.025859  0.005406  0.008378  0.004349  0.031205

===== SUMMARY SEED 123 (FINE-TUNED) =====
       seed      fold  accuracy  precision    recall        f1       auc    pr_auc       mcc
0     123.0  1.000000  0.831058   0.908075  0.854971  0.880723  0.896002  0.962846  0.595313
1     123.0  2.000000  0.821520   0.894737  0.855972  0.874925  0.889176  0.956522  0.565670
2     123.0  3.000000  0.812126   0.881928  0.857143  0.869359  0.869602  0.950642  0.535943
3     123.0  4.000000  0.808711   0.895859  0.835088  0.864407  0.877393  0.955054  0.544984
4     123.0  5.000000  0.813834   0.890798  0.849123  0.869461  0.879717  0.950150  0.547610
mean  123.0  3.000000  0.817450   0.894279  0.850459  0.871775  0.882378  0.955043  0.557904
std     0.0  1.414214  0.007994   0.008458  0.008167  0.005576  0.009241  0.004613  0.021047

===== SUMMARY SEED 123 (AGGREGATED MEAN) =====
             seed  fold  accuracy  precision    recall        f1       auc    pr_auc       mcc
protocol                                                                                      
Fine-tuned  123.0   3.0  0.817450   0.894279  0.850459  0.871775  0.882378  0.955043  0.557904
Frozen      123.0   3.0  0.809766   0.873207  0.866370  0.869147  0.867757  0.950078  0.521796

===== SUMMARY SEED 123 (AGGREGATED STD) =====
            seed      fold  accuracy  precision    recall        f1       auc    pr_auc       mcc
protocol                                                                                         
Fine-tuned   0.0  1.581139  0.008938   0.009456  0.009131  0.006234  0.010332  0.005157  0.023532
Frozen       0.0  1.581139  0.007820   0.024340  0.028911  0.006045  0.009367  0.004862  0.034888