
===== SUMMARY SEED 2026 (FROZEN) =====
        seed      fold  accuracy  precision  recall        f1       auc    pr_auc  mcc
0     2026.0  1.000000  0.729522   0.729522     1.0  0.843611  0.563241  0.806076  0.0
1     2026.0  2.000000  0.729291   0.729291     1.0  0.843457  0.500772  0.767405  0.0
2     2026.0  3.000000  0.729291   0.729291     1.0  0.843457  0.494878  0.769282  0.0
3     2026.0  4.000000  0.730145   0.730145     1.0  0.844028  0.455785  0.736929  0.0
4     2026.0  5.000000  0.730145   0.730145     1.0  0.844028  0.499713  0.765319  0.0
mean  2026.0  3.000000  0.729679   0.729679     1.0  0.843716  0.502878  0.769002  0.0
std      0.0  1.414214  0.000390   0.000390     0.0  0.000261  0.034467  0.021997  0.0

===== SUMMARY SEED 2026 (FINE-TUNED) =====
        seed      fold  accuracy  precision    recall        f1       auc    pr_auc       mcc
0     2026.0  1.000000  0.729522   0.729522  1.000000  0.843611  0.577549  0.824566  0.000000
1     2026.0  2.000000  0.729291   0.729291  1.000000  0.843457  0.492832  0.761606  0.000000
2     2026.0  3.000000  0.668659   0.729331  0.867681  0.792513  0.644180  0.850423  0.000228
3     2026.0  4.000000  0.687447   0.718499  0.940351  0.814590  0.434484  0.700044 -0.121714
4     2026.0  5.000000  0.310845   0.815789  0.072515  0.133190  0.447905  0.729995  0.050831
mean  2026.0  3.000000  0.625153   0.744486  0.776109  0.685472  0.519390  0.773327 -0.014131
std      0.0  1.414214  0.158934   0.035900  0.355151  0.276807  0.079974  0.056488  0.057271

===== SUMMARY SEED 2026 (AGGREGATED MEAN) =====
              seed  fold  accuracy  precision    recall        f1       auc    pr_auc       mcc
protocol                                                                                       
Fine-tuned  2026.0   3.0  0.625153   0.744486  0.776109  0.685472  0.519390  0.773327 -0.014131
Frozen      2026.0   3.0  0.729679   0.729679  1.000000  0.843716  0.502878  0.769002  0.000000

===== SUMMARY SEED 2026 (AGGREGATED STD) =====
            seed      fold  accuracy  precision    recall        f1       auc    pr_auc       mcc
protocol                                                                                         
Fine-tuned   0.0  1.581139  0.177694   0.040137  0.397071  0.309480  0.089414  0.063156  0.064031
Frozen       0.0  1.581139  0.000436   0.000436  0.000000  0.000291  0.038535  0.024593  0.000000