===== SUMMARY SEED 42 (FROZEN) =====
      seed      fold  accuracy  precision    recall        f1       auc    pr_auc       mcc
0     42.0  1.000000  0.958191   0.977488  0.964912  0.971160  0.991909  0.996909  0.895450
1     42.0  2.000000  0.949616   0.973778  0.956674  0.965151  0.986172  0.994638  0.874714
2     42.0  3.000000  0.956447   0.971798  0.968384  0.970088  0.989631  0.996049  0.890045
3     42.0  4.000000  0.951324   0.978417  0.954386  0.966252  0.987105  0.995217  0.879886
4     42.0  5.000000  0.957301   0.984356  0.956725  0.970344  0.989981  0.995350  0.895335
mean  42.0  3.000000  0.954576   0.977168  0.960216  0.968599  0.988960  0.995632  0.887086
std    0.0  1.414214  0.003440   0.004328  0.005431  0.002417  0.002069  0.000780  0.008386

===== SUMMARY SEED 42 (FINE-TUNED) =====
      seed      fold  accuracy  precision    recall        f1       auc    pr_auc       mcc
0     42.0  1.000000  0.971843   0.979021  0.982456  0.980736  0.993451  0.997509  0.928458
1     42.0  2.000000  0.953032   0.970554  0.964871  0.967704  0.988601  0.995556  0.881686
2     42.0  3.000000  0.962425   0.979858  0.968384  0.974087  0.992073  0.996952  0.905981
3     42.0  4.000000  0.953032   0.980769  0.954386  0.967398  0.989170  0.996002  0.884535
4     42.0  5.000000  0.969257   0.981199  0.976608  0.978898  0.991019  0.995948  0.922330
mean  42.0  3.000000  0.961918   0.978280  0.969341  0.973765  0.990863  0.996393  0.904598
std    0.0  1.414214  0.007881   0.003936  0.009689  0.005519  0.001798  0.000722  0.019043

===== SUMMARY SEED 42 (AGGREGATED MEAN) =====
            seed  fold  accuracy  precision    recall        f1       auc    pr_auc       mcc
protocol                                                                                     
Fine-tuned  42.0   3.0  0.961918   0.978280  0.969341  0.973765  0.990863  0.996393  0.904598
Frozen      42.0   3.0  0.954576   0.977168  0.960216  0.968599  0.988960  0.995632  0.887086

===== SUMMARY SEED 42 (AGGREGATED STD) =====
            seed      fold  accuracy  precision    recall        f1       auc    pr_auc       mcc
protocol                                                                                         
Fine-tuned   0.0  1.581139  0.008811   0.004400  0.010832  0.006171  0.002011  0.000807  0.021290
Frozen       0.0  1.581139  0.003846   0.004839  0.006072  0.002703  0.002313  0.000872  0.009376

===== SUMMARY SEED 123 (FROZEN) =====
       seed      fold  accuracy  precision    recall        f1       auc    pr_auc       mcc
0     123.0  1.000000  0.965017   0.977700  0.974269  0.975981  0.992957  0.997384  0.911637
1     123.0  2.000000  0.960717   0.977541  0.968384  0.972941  0.989033  0.995766  0.901429
2     123.0  3.000000  0.959009   0.979762  0.963700  0.971665  0.991338  0.996786  0.898009
3     123.0  4.000000  0.944492   0.984069  0.939181  0.961101  0.987915  0.995643  0.867289
4     123.0  5.000000  0.939368   0.975728  0.940351  0.957713  0.983974  0.993256  0.852565
mean  123.0  3.000000  0.953721   0.978960  0.957177  0.967880  0.989043  0.995767  0.886186
std     0.0  1.414214  0.009957   0.002856  0.014610  0.007140  0.003084  0.001412  0.022393

===== SUMMARY SEED 123 (FINE-TUNED) =====
       seed      fold  accuracy  precision    recall        f1       auc    pr_auc       mcc
0     123.0  1.000000  0.970137   0.981221  0.977778  0.979496  0.994407  0.997932  0.924571
1     123.0  2.000000  0.959863   0.982079  0.962529  0.972206  0.992335  0.997115  0.900624
2     123.0  3.000000  0.963279   0.979882  0.969555  0.974691  0.992967  0.997374  0.907993
3     123.0  4.000000  0.959863   0.984412  0.960234  0.972173  0.990817  0.996694  0.901133
4     123.0  5.000000  0.958155   0.975236  0.967251  0.971227  0.987453  0.994827  0.894651
mean  123.0  3.000000  0.962260   0.980566  0.967469  0.973959  0.991596  0.996789  0.905794
std     0.0  1.414214  0.004276   0.003046  0.006122  0.002997  0.002371  0.001060  0.010296

===== SUMMARY SEED 123 (AGGREGATED MEAN) =====
             seed  fold  accuracy  precision    recall        f1       auc    pr_auc       mcc
protocol                                                                                      
Fine-tuned  123.0   3.0  0.962260   0.980566  0.967469  0.973959  0.991596  0.996789  0.905794
Frozen      123.0   3.0  0.953721   0.978960  0.957177  0.967880  0.989043  0.995767  0.886186

===== SUMMARY SEED 123 (AGGREGATED STD) =====
            seed      fold  accuracy  precision    recall        f1       auc    pr_auc       mcc
protocol                                                                                         
Fine-tuned   0.0  1.581139  0.004781   0.003406  0.006845  0.003351  0.002650  0.001185  0.011511
Frozen       0.0  1.581139  0.011132   0.003193  0.016334  0.007983  0.003448  0.001579  0.025037


===== SUMMARY SEED 2026 (FROZEN) =====
        seed      fold  accuracy  precision    recall        f1       auc    pr_auc       mcc
0     2026.0  1.000000  0.966724   0.984561  0.969591  0.977018  0.992090  0.996918  0.917106
1     2026.0  2.000000  0.959863   0.986731  0.957845  0.972074  0.991246  0.996880  0.902066
2     2026.0  3.000000  0.952178   0.981884  0.951991  0.966706  0.989997  0.996536  0.883258
3     2026.0  4.000000  0.953886   0.981949  0.954386  0.967972  0.990303  0.996411  0.886859
4     2026.0  5.000000  0.958155   0.973005  0.969591  0.971295  0.986313  0.994161  0.894149
mean  2026.0  3.000000  0.958161   0.981626  0.960681  0.971013  0.989990  0.996181  0.896687
std      0.0  1.414214  0.005105   0.004673  0.007509  0.003607  0.001980  0.001028  0.012077

===== SUMMARY SEED 2026 (FINE-TUNED) =====
        seed      fold  accuracy  precision    recall        f1       auc    pr_auc       mcc
0     2026.0  1.000000  0.971843   0.985816  0.975439  0.980600  0.994108  0.997718  0.929456
1     2026.0  2.000000  0.960717   0.983254  0.962529  0.972781  0.993554  0.997673  0.902918
2     2026.0  3.000000  0.953886   0.979616  0.956674  0.968009  0.991563  0.997030  0.886280
3     2026.0  4.000000  0.959863   0.979810  0.964912  0.972304  0.992512  0.997222  0.899799
4     2026.0  5.000000  0.966695   0.977752  0.976608  0.977180  0.988448  0.994926  0.915570
mean  2026.0  3.000000  0.962601   0.981249  0.967233  0.974175  0.992037  0.996914  0.906805
std      0.0  1.414214  0.006151   0.002893  0.007671  0.004330  0.001996  0.001028  0.014665

===== SUMMARY SEED 2026 (AGGREGATED MEAN) =====
              seed  fold  accuracy  precision    recall        f1       auc    pr_auc       mcc
protocol                                                                                       
Fine-tuned  2026.0   3.0  0.962601   0.981249  0.967233  0.974175  0.992037  0.996914  0.906805
Frozen      2026.0   3.0  0.958161   0.981626  0.960681  0.971013  0.989990  0.996181  0.896687

===== SUMMARY SEED 2026 (AGGREGATED STD) =====
            seed      fold  accuracy  precision    recall        f1       auc    pr_auc       mcc
protocol                                                                                         
Fine-tuned   0.0  1.581139  0.006877   0.003234  0.008576  0.004842  0.002231  0.001149  0.016396
Frozen       0.0  1.581139  0.005707   0.005224  0.008396  0.004033  0.002214  0.001150  0.013502

======================================
      GLOBAL MULTI-SEED SUMMARY       
======================================
Average performance per seed:
   seed  accuracy  precision    recall        f1       auc    pr_auc       mcc
0    42  0.961918   0.978280  0.969341  0.973765  0.990863  0.996393  0.904598
1   123  0.962260   0.980566  0.967469  0.973959  0.991596  0.996789  0.905794
2  2026  0.962601   0.981249  0.967233  0.974175  0.992037  0.996914  0.906805

Global Performance Across All Seeds:
               Mean       Std
accuracy   0.962259  0.000342
precision  0.980032  0.001555
recall     0.968014  0.001155
f1         0.973966  0.000205
auc        0.991499  0.000593
pr_auc     0.996699  0.000272
mcc        0.905732  0.001105

All results saved to: Results/MobileNetV2