
===== SUMMARY SEED 42 (FROZEN) =====
      seed      fold  accuracy  precision    recall        f1       auc    pr_auc       mcc
0     42.0  1.000000  0.934300   0.975550  0.933333  0.953975  0.984622  0.993590  0.841927
1     42.0  2.000000  0.956447   0.978546  0.961358  0.969876  0.987821  0.995571  0.891772
2     42.0  3.000000  0.944492   0.972455  0.950820  0.961516  0.988446  0.995516  0.862722
3     42.0  4.000000  0.956447   0.976303  0.963743  0.969982  0.989844  0.996407  0.890926
4     42.0  5.000000  0.935952   0.981481  0.929825  0.954955  0.982819  0.993239  0.848153
mean  42.0  3.000000  0.945528   0.976867  0.947816  0.962061  0.986710  0.994865  0.867100
std    0.0  1.414214  0.009563   0.003021  0.013997  0.006928  0.002591  0.001230  0.020920

===== SUMMARY SEED 42 (FINE-TUNED) =====
      seed      fold  accuracy  precision    recall        f1       auc    pr_auc       mcc
0     42.0  1.000000  0.936860   0.977968  0.934503  0.955742  0.985389  0.993901  0.848484
1     42.0  2.000000  0.953032   0.984242  0.950820  0.967242  0.989543  0.996203  0.886022
2     42.0  3.000000  0.948762   0.970379  0.959016  0.964664  0.989085  0.995778  0.871708
3     42.0  4.000000  0.948762   0.984166  0.945029  0.964200  0.990795  0.996774  0.876469
4     42.0  5.000000  0.946200   0.980583  0.945029  0.962478  0.985362  0.994424  0.869417
mean  42.0  3.000000  0.946723   0.979468  0.946879  0.962865  0.988035  0.995416  0.870420
std    0.0  1.414214  0.005397   0.005118  0.008036  0.003875  0.002242  0.001084  0.012360

===== SUMMARY SEED 42 (AGGREGATED MEAN) =====
            seed  fold  accuracy  precision    recall        f1       auc    pr_auc      mcc
protocol                                                                                    
Fine-tuned  42.0   3.0  0.946723   0.979468  0.946879  0.962865  0.988035  0.995416  0.87042
Frozen      42.0   3.0  0.945528   0.976867  0.947816  0.962061  0.986710  0.994865  0.86710

===== SUMMARY SEED 42 (AGGREGATED STD) =====
            seed      fold  accuracy  precision    recall        f1       auc    pr_auc       mcc
protocol                                                                                         
Fine-tuned   0.0  1.581139  0.006035   0.005722  0.008984  0.004332  0.002507  0.001212  0.013819
Frozen       0.0  1.581139  0.010692   0.003377  0.015649  0.007746  0.002897  0.001376  0.023389


===== SUMMARY SEED 123 (FROZEN) =====
       seed      fold  accuracy  precision    recall        f1       auc    pr_auc       mcc
0     123.0  1.000000  0.945392   0.971395  0.953216  0.962220  0.985150  0.994315  0.864291
1     123.0  2.000000  0.949616   0.986536  0.943794  0.964692  0.988789  0.995941  0.879538
2     123.0  3.000000  0.953032   0.978443  0.956674  0.967436  0.985369  0.993561  0.883967
3     123.0  4.000000  0.943638   0.969084  0.953216  0.961085  0.988208  0.995805  0.859328
4     123.0  5.000000  0.946200   0.978261  0.947368  0.962567  0.984921  0.994308  0.868466
mean  123.0  3.000000  0.947576   0.976744  0.950854  0.963600  0.986487  0.994786  0.871118
std     0.0  1.414214  0.003349   0.006138  0.004627  0.002245  0.001658  0.000930  0.009259

===== SUMMARY SEED 123 (FINE-TUNED) =====
       seed      fold  accuracy  precision    recall        f1       auc    pr_auc       mcc
0     123.0  1.000000  0.942833   0.976998  0.943860  0.960143  0.987478  0.995219  0.860793
1     123.0  2.000000  0.947054   0.987685  0.939110  0.962785  0.989025  0.996031  0.874603
2     123.0  3.000000  0.956447   0.978546  0.961358  0.969876  0.987419  0.994622  0.891772
3     123.0  4.000000  0.938514   0.982737  0.932164  0.956783  0.988833  0.996045  0.854101
4     123.0  5.000000  0.953886   0.978495  0.957895  0.968085  0.987275  0.995190  0.885693
mean  123.0  3.000000  0.947747   0.980892  0.946877  0.963534  0.988006  0.995421  0.873392
std     0.0  1.414214  0.006682   0.003898  0.011109  0.004870  0.000759  0.000547  0.014293

===== SUMMARY SEED 123 (AGGREGATED MEAN) =====
             seed  fold  accuracy  precision    recall        f1       auc    pr_auc       mcc
protocol                                                                                      
Fine-tuned  123.0   3.0  0.947747   0.980892  0.946877  0.963534  0.988006  0.995421  0.873392
Frozen      123.0   3.0  0.947576   0.976744  0.950854  0.963600  0.986487  0.994786  0.871118

===== SUMMARY SEED 123 (AGGREGATED STD) =====
            seed      fold  accuracy  precision    recall        f1       auc    pr_auc       mcc
protocol                                                                                         
Fine-tuned   0.0  1.581139  0.007471   0.004358  0.012420  0.005445  0.000849  0.000611  0.015980
Frozen       0.0  1.581139  0.003745   0.006862  0.005173  0.002510  0.001854  0.001040  0.010352

===== SUMMARY SEED 2026 (FROZEN) =====
        seed      fold  accuracy  precision    recall        f1       auc    pr_auc       mcc
0     2026.0  1.000000  0.944539   0.972488  0.950877  0.961561  0.987500  0.995281  0.862767
1     2026.0  2.000000  0.942784   0.981640  0.939110  0.959904  0.986392  0.995150  0.862798
2     2026.0  3.000000  0.945346   0.961449  0.963700  0.962573  0.984305  0.993487  0.861316
3     2026.0  4.000000  0.962425   0.985629  0.962573  0.973964  0.993301  0.997481  0.907333
4     2026.0  5.000000  0.939368   0.975728  0.940351  0.957713  0.984044  0.993820  0.852565
mean  2026.0  3.000000  0.946892   0.975387  0.951322  0.963143  0.987108  0.995044  0.869356
std      0.0  1.414214  0.008034   0.008328  0.010483  0.005655  0.003355  0.001409  0.019366

===== SUMMARY SEED 2026 (FINE-TUNED) =====
        seed      fold  accuracy  precision    recall        f1       auc    pr_auc       mcc
0     2026.0  1.000000  0.937713   0.987531  0.926316  0.955944  0.988418  0.995654  0.855138
1     2026.0  2.000000  0.944492   0.981685  0.941452  0.961148  0.987832  0.995650  0.866458
2     2026.0  3.000000  0.940222   0.973430  0.943794  0.958383  0.985261  0.993894  0.853696
3     2026.0  4.000000  0.967549   0.984579  0.970760  0.977621  0.994023  0.997762  0.918929
4     2026.0  5.000000  0.940222   0.976914  0.940351  0.958284  0.984414  0.993963  0.854930
mean  2026.0  3.000000  0.946040   0.980828  0.944535  0.962276  0.987990  0.995385  0.869830
std      0.0  1.414214  0.010973   0.005095  0.014472  0.007848  0.003371  0.001417  0.024981

===== SUMMARY SEED 2026 (AGGREGATED MEAN) =====
              seed  fold  accuracy  precision    recall        f1       auc    pr_auc       mcc
protocol
Fine-tuned  2026.0   3.0  0.946040   0.980828  0.944535  0.962276  0.987990  0.995385  0.869830
Frozen      2026.0   3.0  0.946892   0.975387  0.951322  0.963143  0.987108  0.995044  0.869356

===== SUMMARY SEED 2026 (AGGREGATED STD) =====
            seed      fold  accuracy  precision    recall        f1       auc    pr_auc       mcc
protocol
Fine-tuned   0.0  1.581139  0.012269   0.005696  0.016181  0.008774  0.003769  0.001584  0.027930
Frozen       0.0  1.581139  0.008982   0.009311  0.011721  0.006323  0.003750  0.001575  0.021652

======================================
      GLOBAL MULTI-SEED SUMMARY
======================================
Average performance per seed:
   seed  accuracy  precision    recall        f1       auc    pr_auc       mcc
0    42  0.946723   0.979468  0.946879  0.962865  0.988035  0.995416  0.870420
1   123  0.947747   0.980892  0.946877  0.963534  0.988006  0.995421  0.873392
2  2026  0.946040   0.980828  0.944535  0.962276  0.987990  0.995385  0.869830

Global Performance Across All Seeds:
               Mean       Std
accuracy   0.946836  0.000859
precision  0.980396  0.000804
recall     0.946097  0.001353
f1         0.962892  0.000630
auc        0.988010  0.000023
pr_auc     0.995407  0.000020
mcc        0.871214  0.001909