
===== SUMMARY SEED 42 (FROZEN) =====
      seed      fold  accuracy  precision    recall        f1       auc    pr_auc       mcc
0     42.0  1.000000  0.958191   0.977488  0.964912  0.971160  0.991909  0.996909  0.895450
1     42.0  2.000000  0.949616   0.973778  0.956674  0.965151  0.986172  0.994638  0.874714
2     42.0  3.000000  0.956447   0.971798  0.968384  0.970088  0.989631  0.996049  0.890045
3     42.0  4.000000  0.951324   0.978417  0.954386  0.966252  0.987105  0.995217  0.879886
4     42.0  5.000000  0.957301   0.984356  0.956725  0.970344  0.989981  0.995350  0.895335
mean  42.0  3.000000  0.954576   0.977168  0.960216  0.968599  0.988960  0.995632  0.887086
std    0.0  1.414214  0.003440   0.004328  0.005431  0.002417  0.002069  0.000780  0.008386

===== SUMMARY SEED 42 (FINE-TUNED) =====
      seed      fold  accuracy  precision    recall        f1       auc    pr_auc       mcc
0     42.0  1.000000  0.971843   0.979021  0.982456  0.980736  0.993451  0.997509  0.928458
1     42.0  2.000000  0.953032   0.970554  0.964871  0.967704  0.988601  0.995556  0.881686
2     42.0  3.000000  0.962425   0.979858  0.968384  0.974087  0.992073  0.996952  0.905981
3     42.0  4.000000  0.953032   0.980769  0.954386  0.967398  0.989170  0.996002  0.884535
4     42.0  5.000000  0.969257   0.981199  0.976608  0.978898  0.991019  0.995948  0.922330
mean  42.0  3.000000  0.961918   0.978280  0.969341  0.973765  0.990863  0.996393  0.904598
std    0.0  1.414214  0.007881   0.003936  0.009689  0.005519  0.001798  0.000722  0.019043

===== SUMMARY SEED 42 (AGGREGATED MEAN) =====
            seed  fold  accuracy  precision    recall        f1       auc    pr_auc       mcc
protocol                                                                                     
Fine-tuned  42.0   3.0  0.961918   0.978280  0.969341  0.973765  0.990863  0.996393  0.904598
Frozen      42.0   3.0  0.954576   0.977168  0.960216  0.968599  0.988960  0.995632  0.887086

===== SUMMARY SEED 42 (AGGREGATED STD) =====
            seed      fold  accuracy  precision    recall        f1       auc    pr_auc       mcc
protocol                                                                                         
Fine-tuned   0.0  1.581139  0.008811   0.004400  0.010832  0.006171  0.002011  0.000807  0.021290
Frozen       0.0  1.581139  0.003846   0.004839  0.006072  0.002703  0.002313  0.000872  0.009376