
===== SUMMARY SEED 42 (FROZEN) =====
      seed      fold  accuracy  precision  recall        f1       auc    pr_auc  mcc
0     42.0  1.000000  0.729522   0.729522     1.0  0.843611  0.555002  0.797606  0.0
1     42.0  2.000000  0.270709   0.000000     0.0  0.000000  0.778846  0.896152  0.0
2     42.0  3.000000  0.729291   0.729291     1.0  0.843457  0.751256  0.886302  0.0
3     42.0  4.000000  0.730145   0.730145     1.0  0.844028  0.687734  0.851447  0.0
4     42.0  5.000000  0.730145   0.730145     1.0  0.844028  0.840203  0.927409  0.0
mean  42.0  3.000000  0.637963   0.583821     0.8  0.675025  0.722608  0.871783  0.0
std    0.0  1.414214  0.183627   0.291911     0.4  0.337512  0.097077  0.044305  0.0

===== SUMMARY SEED 42 (FINE-TUNED) =====
      seed      fold  accuracy  precision    recall        f1       auc    pr_auc  mcc
0     42.0  1.000000  0.729522   0.729522  1.000000  0.843611  0.495646  0.766388  0.0
1     42.0  2.000000  0.270709   0.000000  0.000000  0.000000  0.769223  0.898854  0.0
2     42.0  3.000000  0.729291   0.729291  1.000000  0.843457  0.748179  0.884453  0.0
3     42.0  4.000000  0.269855   0.000000  0.000000  0.000000  0.740915  0.884764  0.0
4     42.0  5.000000  0.730145   0.730145  1.000000  0.844028  0.822507  0.913243  0.0
mean  42.0  3.000000  0.545904   0.437792  0.600000  0.506219  0.715294  0.869541  0.0
std    0.0  1.414214  0.225045   0.357456  0.489898  0.413326  0.113478  0.052657  0.0

===== SUMMARY SEED 42 (AGGREGATED MEAN) =====
            seed  fold  accuracy  precision  recall        f1       auc    pr_auc  mcc
protocol                                                                              
Fine-tuned  42.0   3.0  0.545904   0.437792     0.6  0.506219  0.715294  0.869541  0.0
Frozen      42.0   3.0  0.637963   0.583821     0.8  0.675025  0.722608  0.871783  0.0

===== SUMMARY SEED 42 (AGGREGATED STD) =====
            seed      fold  accuracy  precision    recall        f1       auc    pr_auc  mcc
protocol                                                                                    
Fine-tuned   0.0  1.581139  0.251608   0.399647  0.547723  0.462113  0.126872  0.058872  0.0
Frozen       0.0  1.581139  0.205301   0.326366  0.447214  0.377350  0.108536  0.049535  0.0