
===== SUMMARY SEED 2026 (FROZEN) =====
        seed      fold  accuracy  precision  recall        f1       auc    pr_auc  mcc
0     2026.0  1.000000  0.729522   0.729522     1.0  0.843611  0.546664  0.788121  0.0
1     2026.0  2.000000  0.729291   0.729291     1.0  0.843457  0.427460  0.683515  0.0
2     2026.0  3.000000  0.729291   0.729291     1.0  0.843457  0.594183  0.801107  0.0
3     2026.0  4.000000  0.730145   0.730145     1.0  0.844028  0.831783  0.931203  0.0
4     2026.0  5.000000  0.730145   0.730145     1.0  0.844028  0.585519  0.792711  0.0
mean  2026.0  3.000000  0.729679   0.729679     1.0  0.843716  0.597122  0.799332  0.0
std      0.0  1.414214  0.000390   0.000390     0.0  0.000261  0.131560  0.078710  0.0

===== SUMMARY SEED 2026 (FINE-TUNED) =====
        seed      fold  accuracy  precision  recall        f1       auc    pr_auc  mcc
0     2026.0  1.000000  0.729522   0.729522     1.0  0.843611  0.430175  0.699399  0.0
1     2026.0  2.000000  0.729291   0.729291     1.0  0.843457  0.519031  0.773692  0.0
2     2026.0  3.000000  0.729291   0.729291     1.0  0.843457  0.598157  0.808278  0.0
3     2026.0  4.000000  0.730145   0.730145     1.0  0.844028  0.826051  0.923929  0.0
4     2026.0  5.000000  0.269855   0.000000     0.0  0.000000  0.579260  0.786623  0.0
mean  2026.0  3.000000  0.637621   0.583650     0.8  0.674910  0.590535  0.798384  0.0
std      0.0  1.414214  0.183883   0.291825     0.4  0.337455  0.131515  0.072671  0.0

===== SUMMARY SEED 2026 (AGGREGATED MEAN) =====
              seed  fold  accuracy  precision  recall        f1       auc    pr_auc  mcc
protocol                                                                                
Fine-tuned  2026.0   3.0  0.637621   0.583650     0.8  0.674910  0.590535  0.798384  0.0
Frozen      2026.0   3.0  0.729679   0.729679     1.0  0.843716  0.597122  0.799332  0.0

===== SUMMARY SEED 2026 (AGGREGATED STD) =====
            seed      fold  accuracy  precision    recall        f1       auc    pr_auc  mcc
protocol                                                                                    
Fine-tuned   0.0  1.581139  0.205588   0.326270  0.447214  0.377287  0.147038  0.081249  0.0
Frozen       0.0  1.581139  0.000436   0.000436  0.000000  0.000291  0.147089  0.088000  0.0