
===== SUMMARY SEED 2026 (FROZEN) =====
        seed      fold  accuracy  precision    recall        f1       auc    pr_auc       mcc
0     2026.0  1.000000  0.966724   0.984561  0.969591  0.977018  0.992090  0.996918  0.917106
1     2026.0  2.000000  0.959863   0.986731  0.957845  0.972074  0.991246  0.996880  0.902066
2     2026.0  3.000000  0.952178   0.981884  0.951991  0.966706  0.989997  0.996536  0.883258
3     2026.0  4.000000  0.953886   0.981949  0.954386  0.967972  0.990303  0.996411  0.886859
4     2026.0  5.000000  0.958155   0.973005  0.969591  0.971295  0.986313  0.994161  0.894149
mean  2026.0  3.000000  0.958161   0.981626  0.960681  0.971013  0.989990  0.996181  0.896687
std      0.0  1.414214  0.005105   0.004673  0.007509  0.003607  0.001980  0.001028  0.012077

===== SUMMARY SEED 2026 (FINE-TUNED) =====
        seed      fold  accuracy  precision    recall        f1       auc    pr_auc       mcc
0     2026.0  1.000000  0.971843   0.985816  0.975439  0.980600  0.994108  0.997718  0.929456
1     2026.0  2.000000  0.960717   0.983254  0.962529  0.972781  0.993554  0.997673  0.902918
2     2026.0  3.000000  0.953886   0.979616  0.956674  0.968009  0.991563  0.997030  0.886280
3     2026.0  4.000000  0.959863   0.979810  0.964912  0.972304  0.992512  0.997222  0.899799
4     2026.0  5.000000  0.966695   0.977752  0.976608  0.977180  0.988448  0.994926  0.915570
mean  2026.0  3.000000  0.962601   0.981249  0.967233  0.974175  0.992037  0.996914  0.906805
std      0.0  1.414214  0.006151   0.002893  0.007671  0.004330  0.001996  0.001028  0.014665

===== SUMMARY SEED 2026 (AGGREGATED MEAN) =====
              seed  fold  accuracy  precision    recall        f1       auc    pr_auc       mcc
protocol                                                                                       
Fine-tuned  2026.0   3.0  0.962601   0.981249  0.967233  0.974175  0.992037  0.996914  0.906805
Frozen      2026.0   3.0  0.958161   0.981626  0.960681  0.971013  0.989990  0.996181  0.896687

===== SUMMARY SEED 2026 (AGGREGATED STD) =====
            seed      fold  accuracy  precision    recall        f1       auc    pr_auc       mcc
protocol                                                                                         
Fine-tuned   0.0  1.581139  0.006877   0.003234  0.008576  0.004842  0.002231  0.001149  0.016396
Frozen       0.0  1.581139  0.005707   0.005224  0.008396  0.004033  0.002214  0.001150  0.013502