
===== SUMMARY SEED 123 (FROZEN) =====
       seed      fold  accuracy  precision    recall        f1       auc    pr_auc       mcc
0     123.0  1.000000  0.837884   0.929032  0.842105  0.883436  0.902426  0.966240  0.627531
1     123.0  2.000000  0.815542   0.923077  0.814988  0.865672  0.885730  0.954305  0.586459
2     123.0  3.000000  0.818958   0.878538  0.872365  0.875441  0.882764  0.955480  0.544251
3     123.0  4.000000  0.818104   0.943370  0.798830  0.865104  0.896606  0.962818  0.611342
4     123.0  5.000000  0.817250   0.931359  0.809357  0.866083  0.890551  0.957658  0.597257
mean  123.0  3.000000  0.821548   0.921075  0.827529  0.871147  0.891615  0.959300  0.593368
std     0.0  1.414214  0.008246   0.022269  0.026585  0.007233  0.007154  0.004534  0.028162

===== SUMMARY SEED 123 (FINE-TUNED) =====
       seed      fold  accuracy  precision    recall        f1       auc    pr_auc       mcc
0     123.0  1.000000  0.896758   0.926744  0.932164  0.929446  0.959636  0.985762  0.737127
1     123.0  2.000000  0.898377   0.931845  0.928571  0.930205  0.947111  0.979391  0.743410
2     123.0  3.000000  0.870196   0.921875  0.898126  0.909846  0.929850  0.973292  0.679016
3     123.0  4.000000  0.880444   0.942999  0.890058  0.915764  0.946162  0.980904  0.713999
4     123.0  5.000000  0.886422   0.960459  0.880702  0.918853  0.957021  0.983538  0.738505
mean  123.0  3.000000  0.886439   0.936784  0.905924  0.920823  0.947956  0.980578  0.722411
std     0.0  1.414214  0.010476   0.013759  0.020737  0.007904  0.010492  0.004248  0.023960

===== SUMMARY SEED 123 (AGGREGATED MEAN) =====
             seed  fold  accuracy  precision    recall        f1       auc    pr_auc       mcc
protocol                                                                                      
Fine-tuned  123.0   3.0  0.886439   0.936784  0.905924  0.920823  0.947956  0.980578  0.722411
Frozen      123.0   3.0  0.821548   0.921075  0.827529  0.871147  0.891615  0.959300  0.593368

===== SUMMARY SEED 123 (AGGREGATED STD) =====
            seed      fold  accuracy  precision    recall        f1       auc    pr_auc       mcc
protocol                                                                                         
Fine-tuned   0.0  1.581139  0.011713   0.015384  0.023185  0.008837  0.011730  0.004750  0.026788
Frozen       0.0  1.581139  0.009219   0.024898  0.029723  0.008087  0.007998  0.005069  0.031486