
===== SUMMARY SEED 123 (FROZEN) =====
       seed      fold  accuracy  precision  recall        f1       auc    pr_auc  mcc
0     123.0  1.000000  0.729522   0.729522     1.0  0.843611  0.858162  0.945194  0.0
1     123.0  2.000000  0.729291   0.729291     1.0  0.843457  0.606707  0.782021  0.0
2     123.0  3.000000  0.729291   0.729291     1.0  0.843457  0.761248  0.883213  0.0
3     123.0  4.000000  0.730145   0.730145     1.0  0.844028  0.799783  0.913582  0.0
4     123.0  5.000000  0.730145   0.730145     1.0  0.844028  0.757591  0.881698  0.0
mean  123.0  3.000000  0.729679   0.729679     1.0  0.843716  0.756698  0.881142  0.0
std     0.0  1.414214  0.000390   0.000390     0.0  0.000261  0.083271  0.054744  0.0

===== SUMMARY SEED 123 (FINE-TUNED) =====
       seed      fold  accuracy  precision  recall        f1       auc    pr_auc  mcc
0     123.0  1.000000  0.729522   0.729522     1.0  0.843611  0.829660  0.934065  0.0
1     123.0  2.000000  0.729291   0.729291     1.0  0.843457  0.580580  0.783640  0.0
2     123.0  3.000000  0.729291   0.729291     1.0  0.843457  0.591087  0.806086  0.0
3     123.0  4.000000  0.730145   0.730145     1.0  0.844028  0.793769  0.909200  0.0
4     123.0  5.000000  0.269855   0.000000     0.0  0.000000  0.722509  0.868243  0.0
mean  123.0  3.000000  0.637621   0.583650     0.8  0.674910  0.703521  0.860247  0.0
std     0.0  1.414214  0.183883   0.291825     0.4  0.337455  0.102149  0.057813  0.0

===== SUMMARY SEED 123 (AGGREGATED MEAN) =====
             seed  fold  accuracy  precision  recall        f1       auc    pr_auc  mcc
protocol                                                                               
Fine-tuned  123.0   3.0  0.637621   0.583650     0.8  0.674910  0.703521  0.860247  0.0
Frozen      123.0   3.0  0.729679   0.729679     1.0  0.843716  0.756698  0.881142  0.0

===== SUMMARY SEED 123 (AGGREGATED STD) =====
            seed      fold  accuracy  precision    recall        f1       auc    pr_auc  mcc
protocol                                                                                    
Fine-tuned   0.0  1.581139  0.205588   0.326270  0.447214  0.377287  0.114206  0.064637  0.0
Frozen       0.0  1.581139  0.000436   0.000436  0.000000  0.000291  0.093100  0.061206  0.0