
===== SUMMARY SEED 123 (FROZEN) =====
       seed      fold  accuracy  precision  recall        f1       auc    pr_auc  mcc
0     123.0  1.000000  0.729522   0.729522     1.0  0.843611  0.597748  0.821036  0.0
1     123.0  2.000000  0.729291   0.729291     1.0  0.843457  0.490806  0.768099  0.0
2     123.0  3.000000  0.729291   0.729291     1.0  0.843457  0.556841  0.787710  0.0
3     123.0  4.000000  0.730145   0.730145     1.0  0.844028  0.854799  0.928539  0.0
4     123.0  5.000000  0.730145   0.730145     1.0  0.844028  0.516785  0.780616  0.0
mean  123.0  3.000000  0.729679   0.729679     1.0  0.843716  0.603396  0.817200  0.0
std     0.0  1.414214  0.000390   0.000390     0.0  0.000261  0.130829  0.058361  0.0

===== SUMMARY SEED 123 (FINE-TUNED) =====
       seed      fold  accuracy  precision  recall        f1       auc    pr_auc  mcc
0     123.0  1.000000  0.729522   0.729522     1.0  0.843611  0.431393  0.690236  0.0
1     123.0  2.000000  0.729291   0.729291     1.0  0.843457  0.432337  0.738516  0.0
2     123.0  3.000000  0.729291   0.729291     1.0  0.843457  0.499911  0.742409  0.0
3     123.0  4.000000  0.730145   0.730145     1.0  0.844028  0.678190  0.832319  0.0
4     123.0  5.000000  0.730145   0.730145     1.0  0.844028  0.496238  0.772182  0.0
mean  123.0  3.000000  0.729679   0.729679     1.0  0.843716  0.507614  0.755132  0.0
std     0.0  1.414214  0.000390   0.000390     0.0  0.000261  0.090290  0.046686  0.0

===== SUMMARY SEED 123 (AGGREGATED MEAN) =====
             seed  fold  accuracy  precision  recall        f1       auc    pr_auc  mcc
protocol                                                                               
Fine-tuned  123.0   3.0  0.729679   0.729679     1.0  0.843716  0.507614  0.755132  0.0
Frozen      123.0   3.0  0.729679   0.729679     1.0  0.843716  0.603396  0.817200  0.0

===== SUMMARY SEED 123 (AGGREGATED STD) =====
            seed      fold  accuracy  precision  recall        f1       auc    pr_auc  mcc
protocol                                                                                  
Fine-tuned   0.0  1.581139  0.000436   0.000436     0.0  0.000291  0.100947  0.052197  0.0
Frozen       0.0  1.581139  0.000436   0.000436     0.0  0.000291  0.146271  0.065250  0.0