
===== SUMMARY SEED 123 (FROZEN) =====
       seed      fold  accuracy  precision    recall        f1       auc    pr_auc       mcc
0     123.0  1.000000  0.965017   0.977700  0.974269  0.975981  0.992957  0.997384  0.911637
1     123.0  2.000000  0.960717   0.977541  0.968384  0.972941  0.989033  0.995766  0.901429
2     123.0  3.000000  0.959009   0.979762  0.963700  0.971665  0.991338  0.996786  0.898009
3     123.0  4.000000  0.944492   0.984069  0.939181  0.961101  0.987915  0.995643  0.867289
4     123.0  5.000000  0.939368   0.975728  0.940351  0.957713  0.983974  0.993256  0.852565
mean  123.0  3.000000  0.953721   0.978960  0.957177  0.967880  0.989043  0.995767  0.886186
std     0.0  1.414214  0.009957   0.002856  0.014610  0.007140  0.003084  0.001412  0.022393

===== SUMMARY SEED 123 (FINE-TUNED) =====
       seed      fold  accuracy  precision    recall        f1       auc    pr_auc       mcc
0     123.0  1.000000  0.970137   0.981221  0.977778  0.979496  0.994407  0.997932  0.924571
1     123.0  2.000000  0.959863   0.982079  0.962529  0.972206  0.992335  0.997115  0.900624
2     123.0  3.000000  0.963279   0.979882  0.969555  0.974691  0.992967  0.997374  0.907993
3     123.0  4.000000  0.959863   0.984412  0.960234  0.972173  0.990817  0.996694  0.901133
4     123.0  5.000000  0.958155   0.975236  0.967251  0.971227  0.987453  0.994827  0.894651
mean  123.0  3.000000  0.962260   0.980566  0.967469  0.973959  0.991596  0.996789  0.905794
std     0.0  1.414214  0.004276   0.003046  0.006122  0.002997  0.002371  0.001060  0.010296

===== SUMMARY SEED 123 (AGGREGATED MEAN) =====
             seed  fold  accuracy  precision    recall        f1       auc    pr_auc       mcc
protocol                                                                                      
Fine-tuned  123.0   3.0  0.962260   0.980566  0.967469  0.973959  0.991596  0.996789  0.905794
Frozen      123.0   3.0  0.953721   0.978960  0.957177  0.967880  0.989043  0.995767  0.886186

===== SUMMARY SEED 123 (AGGREGATED STD) =====
            seed      fold  accuracy  precision    recall        f1       auc    pr_auc       mcc
protocol                                                                                         
Fine-tuned   0.0  1.581139  0.004781   0.003406  0.006845  0.003351  0.002650  0.001185  0.011511
Frozen       0.0  1.581139  0.011132   0.003193  0.016334  0.007983  0.003448  0.001579  0.025037