
===== SUMMARY SEED 42 (FROZEN) =====
      seed      fold  accuracy  precision  recall        f1       auc    pr_auc  mcc
0     42.0  1.000000  0.729522   0.729522     1.0  0.843611  0.470757  0.739468  0.0
1     42.0  2.000000  0.729291   0.729291     1.0  0.843457  0.607385  0.831533  0.0
2     42.0  3.000000  0.729291   0.729291     1.0  0.843457  0.577245  0.823037  0.0
3     42.0  4.000000  0.730145   0.730145     1.0  0.844028  0.606209  0.832625  0.0
4     42.0  5.000000  0.730145   0.730145     1.0  0.844028  0.518147  0.776566  0.0
mean  42.0  3.000000  0.729679   0.729679     1.0  0.843716  0.555948  0.800646  0.0
std    0.0  1.414214  0.000390   0.000390     0.0  0.000261  0.053501  0.036880  0.0

===== SUMMARY SEED 42 (FINE-TUNED) =====
      seed      fold  accuracy  precision    recall        f1       auc    pr_auc       mcc
0     42.0  1.000000  0.729522   0.729522  1.000000  0.843611  0.521519  0.774022  0.000000
1     42.0  2.000000  0.729291   0.729291  1.000000  0.843457  0.761843  0.881079  0.000000
2     42.0  3.000000  0.614005   0.798220  0.629977  0.704188  0.633079  0.850554  0.180654
3     42.0  4.000000  0.730145   0.730145  1.000000  0.844028  0.529932  0.773603  0.000000
4     42.0  5.000000  0.730145   0.730145  1.000000  0.844028  0.546151  0.781912  0.000000
mean  42.0  3.000000  0.706622   0.743465  0.925995  0.815862  0.598505  0.812234  0.036131
std    0.0  1.414214  0.046310   0.027380  0.148009  0.055837  0.090824  0.044900  0.072262

===== SUMMARY SEED 42 (AGGREGATED MEAN) =====
            seed  fold  accuracy  precision    recall        f1       auc    pr_auc       mcc
protocol                                                                                     
Fine-tuned  42.0   3.0  0.706622   0.743465  0.925995  0.815862  0.598505  0.812234  0.036131
Frozen      42.0   3.0  0.729679   0.729679  1.000000  0.843716  0.555948  0.800646  0.000000

===== SUMMARY SEED 42 (AGGREGATED STD) =====
            seed      fold  accuracy  precision   recall        f1       auc    pr_auc       mcc
protocol                                                                                        
Fine-tuned   0.0  1.581139  0.051776   0.030611  0.16548  0.062428  0.101544  0.050199  0.080791
Frozen       0.0  1.581139  0.000436   0.000436  0.00000  0.000291  0.059816  0.041233  0.000000



===== SUMMARY SEED 123 (FROZEN) =====
       seed      fold  accuracy  precision  recall        f1       auc    pr_auc  mcc
0     123.0  1.000000  0.729522   0.729522     1.0  0.843611  0.597748  0.821036  0.0
1     123.0  2.000000  0.729291   0.729291     1.0  0.843457  0.490806  0.768099  0.0
2     123.0  3.000000  0.729291   0.729291     1.0  0.843457  0.556841  0.787710  0.0
3     123.0  4.000000  0.730145   0.730145     1.0  0.844028  0.854799  0.928539  0.0
4     123.0  5.000000  0.730145   0.730145     1.0  0.844028  0.516785  0.780616  0.0
mean  123.0  3.000000  0.729679   0.729679     1.0  0.843716  0.603396  0.817200  0.0
std     0.0  1.414214  0.000390   0.000390     0.0  0.000261  0.130829  0.058361  0.0

===== SUMMARY SEED 123 (FINE-TUNED) =====
       seed      fold  accuracy  precision  recall        f1       auc    pr_auc  mcc
0     123.0  1.000000  0.729522   0.729522     1.0  0.843611  0.431393  0.690236  0.0
1     123.0  2.000000  0.729291   0.729291     1.0  0.843457  0.432337  0.738516  0.0
2     123.0  3.000000  0.729291   0.729291     1.0  0.843457  0.499911  0.742409  0.0
3     123.0  4.000000  0.730145   0.730145     1.0  0.844028  0.678190  0.832319  0.0
4     123.0  5.000000  0.730145   0.730145     1.0  0.844028  0.496238  0.772182  0.0
mean  123.0  3.000000  0.729679   0.729679     1.0  0.843716  0.507614  0.755132  0.0
std     0.0  1.414214  0.000390   0.000390     0.0  0.000261  0.090290  0.046686  0.0

===== SUMMARY SEED 123 (AGGREGATED MEAN) =====
             seed  fold  accuracy  precision  recall        f1       auc    pr_auc  mcc
protocol                                                                               
Fine-tuned  123.0   3.0  0.729679   0.729679     1.0  0.843716  0.507614  0.755132  0.0
Frozen      123.0   3.0  0.729679   0.729679     1.0  0.843716  0.603396  0.817200  0.0

===== SUMMARY SEED 123 (AGGREGATED STD) =====
            seed      fold  accuracy  precision  recall        f1       auc    pr_auc  mcc
protocol                                                                                  
Fine-tuned   0.0  1.581139  0.000436   0.000436     0.0  0.000291  0.100947  0.052197  0.0
Frozen       0.0  1.581139  0.000436   0.000436     0.0  0.000291  0.146271  0.065250  0.0



===== SUMMARY SEED 2026 (FROZEN) =====
        seed      fold  accuracy  precision  recall        f1       auc    pr_auc  mcc
0     2026.0  1.000000  0.729522   0.729522     1.0  0.843611  0.563241  0.806076  0.0
1     2026.0  2.000000  0.729291   0.729291     1.0  0.843457  0.500772  0.767405  0.0
2     2026.0  3.000000  0.729291   0.729291     1.0  0.843457  0.494878  0.769282  0.0
3     2026.0  4.000000  0.730145   0.730145     1.0  0.844028  0.455785  0.736929  0.0
4     2026.0  5.000000  0.730145   0.730145     1.0  0.844028  0.499713  0.765319  0.0
mean  2026.0  3.000000  0.729679   0.729679     1.0  0.843716  0.502878  0.769002  0.0
std      0.0  1.414214  0.000390   0.000390     0.0  0.000261  0.034467  0.021997  0.0

===== SUMMARY SEED 2026 (FINE-TUNED) =====
        seed      fold  accuracy  precision    recall        f1       auc    pr_auc       mcc
0     2026.0  1.000000  0.729522   0.729522  1.000000  0.843611  0.577549  0.824566  0.000000
1     2026.0  2.000000  0.729291   0.729291  1.000000  0.843457  0.492832  0.761606  0.000000
2     2026.0  3.000000  0.668659   0.729331  0.867681  0.792513  0.644180  0.850423  0.000228
3     2026.0  4.000000  0.687447   0.718499  0.940351  0.814590  0.434484  0.700044 -0.121714
4     2026.0  5.000000  0.310845   0.815789  0.072515  0.133190  0.447905  0.729995  0.050831
mean  2026.0  3.000000  0.625153   0.744486  0.776109  0.685472  0.519390  0.773327 -0.014131
std      0.0  1.414214  0.158934   0.035900  0.355151  0.276807  0.079974  0.056488  0.057271

===== SUMMARY SEED 2026 (AGGREGATED MEAN) =====
              seed  fold  accuracy  precision    recall        f1       auc    pr_auc       mcc
protocol                                                                                       
Fine-tuned  2026.0   3.0  0.625153   0.744486  0.776109  0.685472  0.519390  0.773327 -0.014131
Frozen      2026.0   3.0  0.729679   0.729679  1.000000  0.843716  0.502878  0.769002  0.000000

===== SUMMARY SEED 2026 (AGGREGATED STD) =====
            seed      fold  accuracy  precision    recall        f1       auc    pr_auc       mcc
protocol                                                                                         
Fine-tuned   0.0  1.581139  0.177694   0.040137  0.397071  0.309480  0.089414  0.063156  0.064031
Frozen       0.0  1.581139  0.000436   0.000436  0.000000  0.000291  0.038535  0.024593  0.000000


======================================
      GLOBAL MULTI-SEED SUMMARY
======================================
Average performance per seed:
   seed  accuracy  precision    recall        f1       auc    pr_auc       mcc
0    42  0.706622   0.743465  0.925995  0.815862  0.598505  0.812234  0.036131
1   123  0.729679   0.729679  1.000000  0.843716  0.507614  0.755132  0.000000
2  2026  0.625153   0.744486  0.776109  0.685472  0.519390  0.773327 -0.014131

Global Performance Across All Seeds:
               Mean       Std
accuracy   0.687151  0.054916
precision  0.739210  0.008270
recall     0.900702  0.114068
f1         0.781684  0.084477
auc        0.541836  0.049428
pr_auc     0.780231  0.029170
mcc        0.007333  0.025921

All results saved to: Results\ResNet18