
===== SUMMARY SEED 42 (FROZEN) =====
      seed      fold  accuracy  precision  recall        f1       auc    pr_auc  mcc
0     42.0  1.000000  0.729522   0.729522     1.0  0.843611  0.470757  0.739468  0.0
1     42.0  2.000000  0.729291   0.729291     1.0  0.843457  0.607385  0.831533  0.0
2     42.0  3.000000  0.729291   0.729291     1.0  0.843457  0.577245  0.823037  0.0
3     42.0  4.000000  0.730145   0.730145     1.0  0.844028  0.606209  0.832625  0.0
4     42.0  5.000000  0.730145   0.730145     1.0  0.844028  0.518147  0.776566  0.0
mean  42.0  3.000000  0.729679   0.729679     1.0  0.843716  0.555948  0.800646  0.0
std    0.0  1.414214  0.000390   0.000390     0.0  0.000261  0.053501  0.036880  0.0

===== SUMMARY SEED 42 (FINE-TUNED) =====
      seed      fold  accuracy  precision    recall        f1       auc    pr_auc       mcc
0     42.0  1.000000  0.729522   0.729522  1.000000  0.843611  0.521519  0.774022  0.000000
1     42.0  2.000000  0.729291   0.729291  1.000000  0.843457  0.761843  0.881079  0.000000
2     42.0  3.000000  0.614005   0.798220  0.629977  0.704188  0.633079  0.850554  0.180654
3     42.0  4.000000  0.730145   0.730145  1.000000  0.844028  0.529932  0.773603  0.000000
4     42.0  5.000000  0.730145   0.730145  1.000000  0.844028  0.546151  0.781912  0.000000
mean  42.0  3.000000  0.706622   0.743465  0.925995  0.815862  0.598505  0.812234  0.036131
std    0.0  1.414214  0.046310   0.027380  0.148009  0.055837  0.090824  0.044900  0.072262

===== SUMMARY SEED 42 (AGGREGATED MEAN) =====
            seed  fold  accuracy  precision    recall        f1       auc    pr_auc       mcc
protocol                                                                                     
Fine-tuned  42.0   3.0  0.706622   0.743465  0.925995  0.815862  0.598505  0.812234  0.036131
Frozen      42.0   3.0  0.729679   0.729679  1.000000  0.843716  0.555948  0.800646  0.000000

===== SUMMARY SEED 42 (AGGREGATED STD) =====
            seed      fold  accuracy  precision   recall        f1       auc    pr_auc       mcc
protocol                                                                                        
Fine-tuned   0.0  1.581139  0.051776   0.030611  0.16548  0.062428  0.101544  0.050199  0.080791
Frozen       0.0  1.581139  0.000436   0.000436  0.00000  0.000291  0.059816  0.041233  0.000000