
===== SUMMARY SEED 42 (FROZEN) =====
      seed      fold  accuracy  precision    recall        f1       auc    pr_auc       mcc
0     42.0  1.000000  0.934300   0.975550  0.933333  0.953975  0.984622  0.993590  0.841927
1     42.0  2.000000  0.956447   0.978546  0.961358  0.969876  0.987821  0.995571  0.891772
2     42.0  3.000000  0.944492   0.972455  0.950820  0.961516  0.988446  0.995516  0.862722
3     42.0  4.000000  0.956447   0.976303  0.963743  0.969982  0.989844  0.996407  0.890926
4     42.0  5.000000  0.935952   0.981481  0.929825  0.954955  0.982819  0.993239  0.848153
mean  42.0  3.000000  0.945528   0.976867  0.947816  0.962061  0.986710  0.994865  0.867100
std    0.0  1.414214  0.009563   0.003021  0.013997  0.006928  0.002591  0.001230  0.020920

===== SUMMARY SEED 42 (FINE-TUNED) =====
      seed      fold  accuracy  precision    recall        f1       auc    pr_auc       mcc
0     42.0  1.000000  0.936860   0.977968  0.934503  0.955742  0.985389  0.993901  0.848484
1     42.0  2.000000  0.953032   0.984242  0.950820  0.967242  0.989543  0.996203  0.886022
2     42.0  3.000000  0.948762   0.970379  0.959016  0.964664  0.989085  0.995778  0.871708
3     42.0  4.000000  0.948762   0.984166  0.945029  0.964200  0.990795  0.996774  0.876469
4     42.0  5.000000  0.946200   0.980583  0.945029  0.962478  0.985362  0.994424  0.869417
mean  42.0  3.000000  0.946723   0.979468  0.946879  0.962865  0.988035  0.995416  0.870420
std    0.0  1.414214  0.005397   0.005118  0.008036  0.003875  0.002242  0.001084  0.012360

===== SUMMARY SEED 42 (AGGREGATED MEAN) =====
            seed  fold  accuracy  precision    recall        f1       auc    pr_auc      mcc
protocol                                                                                    
Fine-tuned  42.0   3.0  0.946723   0.979468  0.946879  0.962865  0.988035  0.995416  0.87042
Frozen      42.0   3.0  0.945528   0.976867  0.947816  0.962061  0.986710  0.994865  0.86710

===== SUMMARY SEED 42 (AGGREGATED STD) =====
            seed      fold  accuracy  precision    recall        f1       auc    pr_auc       mcc
protocol                                                                                         
Fine-tuned   0.0  1.581139  0.006035   0.005722  0.008984  0.004332  0.002507  0.001212  0.013819
Frozen       0.0  1.581139  0.010692   0.003377  0.015649  0.007746  0.002897  0.001376  0.023389