
===== SUMMARY SEED 42 (FROZEN) =====
      seed      fold  accuracy  precision    recall        f1       auc    pr_auc       mcc
0     42.0  1.000000  0.805461   0.842623  0.901754  0.871186  0.883026  0.956865  0.480424
1     42.0  2.000000  0.835184   0.917826  0.850117  0.882675  0.899515  0.960781  0.612189
2     42.0  3.000000  0.833476   0.900365  0.867681  0.883721  0.891219  0.959587  0.592094
3     42.0  4.000000  0.828352   0.921392  0.836257  0.876763  0.884777  0.957347  0.603888
4     42.0  5.000000  0.847139   0.926768  0.858480  0.891318  0.905944  0.964502  0.640334
mean  42.0  3.000000  0.829922   0.901794  0.862858  0.881132  0.892896  0.959816  0.585786
std    0.0  1.414214  0.013694   0.030880  0.022024  0.006795  0.008720  0.002748  0.055030

===== SUMMARY SEED 42 (FINE-TUNED) =====
      seed      fold  accuracy  precision    recall        f1       auc    pr_auc       mcc
0     42.0  1.000000  0.883959   0.929510  0.909942  0.919622  0.944494  0.979883  0.711638
1     42.0  2.000000  0.885568   0.951128  0.888759  0.918886  0.946302  0.978491  0.730262
2     42.0  3.000000  0.897523   0.943237  0.914520  0.928656  0.952083  0.982297  0.748117
3     42.0  4.000000  0.877882   0.917840  0.914620  0.916227  0.938770  0.978029  0.691048
4     42.0  5.000000  0.900939   0.924225  0.941520  0.932793  0.950459  0.981719  0.745005
mean  42.0  3.000000  0.889174   0.933188  0.913872  0.923237  0.946422  0.980084  0.725214
std    0.0  1.414214  0.008670   0.012266  0.016802  0.006353  0.004704  0.001695  0.021417

===== SUMMARY SEED 42 (AGGREGATED MEAN) =====
            seed  fold  accuracy  precision    recall        f1       auc    pr_auc       mcc
protocol                                                                                     
Fine-tuned  42.0   3.0  0.889174   0.933188  0.913872  0.923237  0.946422  0.980084  0.725214
Frozen      42.0   3.0  0.829922   0.901794  0.862858  0.881132  0.892896  0.959816  0.585786

===== SUMMARY SEED 42 (AGGREGATED STD) =====
            seed      fold  accuracy  precision    recall        f1       auc    pr_auc       mcc
protocol                                                                                         
Fine-tuned   0.0  1.581139  0.009693   0.013713  0.018785  0.007103  0.005259  0.001896  0.023945
Frozen       0.0  1.581139  0.015310   0.034525  0.024624  0.007597  0.009750  0.003072  0.061525