
===== SUMMARY SEED 2026 (FROZEN) =====
        seed      fold  accuracy  precision    recall        f1       auc    pr_auc       mcc
0     2026.0  1.000000  0.839590   0.924841  0.849123  0.885366  0.898375  0.960395  0.626236
1     2026.0  2.000000  0.836038   0.938992  0.829040  0.880597  0.894307  0.962464  0.634623
2     2026.0  3.000000  0.828352   0.881871  0.882904  0.882387  0.895223  0.961176  0.564854
3     2026.0  4.000000  0.842015   0.943122  0.833918  0.885164  0.903686  0.963460  0.647588
4     2026.0  5.000000  0.803587   0.927497  0.792982  0.854981  0.874624  0.952620  0.573064
mean  2026.0  3.000000  0.829916   0.923264  0.837593  0.877699  0.893243  0.960023  0.609273
std      0.0  1.414214  0.013951   0.021797  0.029199  0.011498  0.009870  0.003848  0.033712

===== SUMMARY SEED 2026 (FINE-TUNED) =====
        seed      fold  accuracy  precision    recall        f1       auc    pr_auc       mcc
0     2026.0  1.000000  0.895051   0.937799  0.916959  0.927262  0.954415  0.982551  0.739587
1     2026.0  2.000000  0.906917   0.957055  0.913349  0.934691  0.959238  0.986012  0.775599
2     2026.0  3.000000  0.869342   0.943110  0.873536  0.906991  0.946960  0.980815  0.694290
3     2026.0  4.000000  0.907771   0.962825  0.908772  0.935018  0.959738  0.984941  0.780505
4     2026.0  5.000000  0.868488   0.940881  0.874854  0.906667  0.937001  0.975022  0.690331
mean  2026.0  3.000000  0.889514   0.948334  0.897494  0.922126  0.951470  0.981868  0.736062
std      0.0  1.414214  0.017412   0.009797  0.019204  0.012795  0.008568  0.003875  0.038437

===== SUMMARY SEED 2026 (AGGREGATED MEAN) =====
              seed  fold  accuracy  precision    recall        f1       auc    pr_auc       mcc
protocol                                                                                       
Fine-tuned  2026.0   3.0  0.889514   0.948334  0.897494  0.922126  0.951470  0.981868  0.736062
Frozen      2026.0   3.0  0.829916   0.923264  0.837593  0.877699  0.893243  0.960023  0.609273

===== SUMMARY SEED 2026 (AGGREGATED STD) =====
            seed      fold  accuracy  precision    recall        f1       auc    pr_auc       mcc
protocol                                                                                         
Fine-tuned   0.0  1.581139  0.019467   0.010953  0.021471  0.014305  0.009579  0.004332  0.042974
Frozen       0.0  1.581139  0.015598   0.024369  0.032645  0.012855  0.011035  0.004302  0.037692