===== SUMMARY SEED 42 (FROZEN) =====
      seed      fold  accuracy  precision  recall        f1       auc    pr_auc  mcc
0     42.0  1.000000  0.729522   0.729522     1.0  0.843611  0.555002  0.797606  0.0
1     42.0  2.000000  0.270709   0.000000     0.0  0.000000  0.778846  0.896152  0.0
2     42.0  3.000000  0.729291   0.729291     1.0  0.843457  0.751256  0.886302  0.0
3     42.0  4.000000  0.730145   0.730145     1.0  0.844028  0.687734  0.851447  0.0
4     42.0  5.000000  0.730145   0.730145     1.0  0.844028  0.840203  0.927409  0.0
mean  42.0  3.000000  0.637963   0.583821     0.8  0.675025  0.722608  0.871783  0.0
std    0.0  1.414214  0.183627   0.291911     0.4  0.337512  0.097077  0.044305  0.0

===== SUMMARY SEED 42 (FINE-TUNED) =====
      seed      fold  accuracy  precision    recall        f1       auc    pr_auc  mcc
0     42.0  1.000000  0.729522   0.729522  1.000000  0.843611  0.495646  0.766388  0.0
1     42.0  2.000000  0.270709   0.000000  0.000000  0.000000  0.769223  0.898854  0.0
2     42.0  3.000000  0.729291   0.729291  1.000000  0.843457  0.748179  0.884453  0.0
3     42.0  4.000000  0.269855   0.000000  0.000000  0.000000  0.740915  0.884764  0.0
4     42.0  5.000000  0.730145   0.730145  1.000000  0.844028  0.822507  0.913243  0.0
mean  42.0  3.000000  0.545904   0.437792  0.600000  0.506219  0.715294  0.869541  0.0
std    0.0  1.414214  0.225045   0.357456  0.489898  0.413326  0.113478  0.052657  0.0

===== SUMMARY SEED 42 (AGGREGATED MEAN) =====
            seed  fold  accuracy  precision  recall        f1       auc    pr_auc  mcc
protocol                                                                              
Fine-tuned  42.0   3.0  0.545904   0.437792     0.6  0.506219  0.715294  0.869541  0.0
Frozen      42.0   3.0  0.637963   0.583821     0.8  0.675025  0.722608  0.871783  0.0

===== SUMMARY SEED 42 (AGGREGATED STD) =====
            seed      fold  accuracy  precision    recall        f1       auc    pr_auc  mcc
protocol                                                                                    
Fine-tuned   0.0  1.581139  0.251608   0.399647  0.547723  0.462113  0.126872  0.058872  0.0
Frozen       0.0  1.581139  0.205301   0.326366  0.447214  0.377350  0.108536  0.049535  0.0


===== SUMMARY SEED 123 (FROZEN) =====
       seed      fold  accuracy  precision  recall        f1       auc    pr_auc  mcc
0     123.0  1.000000  0.729522   0.729522     1.0  0.843611  0.858162  0.945194  0.0
1     123.0  2.000000  0.729291   0.729291     1.0  0.843457  0.606707  0.782021  0.0
2     123.0  3.000000  0.729291   0.729291     1.0  0.843457  0.761248  0.883213  0.0
3     123.0  4.000000  0.730145   0.730145     1.0  0.844028  0.799783  0.913582  0.0
4     123.0  5.000000  0.730145   0.730145     1.0  0.844028  0.757591  0.881698  0.0
mean  123.0  3.000000  0.729679   0.729679     1.0  0.843716  0.756698  0.881142  0.0
std     0.0  1.414214  0.000390   0.000390     0.0  0.000261  0.083271  0.054744  0.0

===== SUMMARY SEED 123 (FINE-TUNED) =====
       seed      fold  accuracy  precision  recall        f1       auc    pr_auc  mcc
0     123.0  1.000000  0.729522   0.729522     1.0  0.843611  0.829660  0.934065  0.0
1     123.0  2.000000  0.729291   0.729291     1.0  0.843457  0.580580  0.783640  0.0
2     123.0  3.000000  0.729291   0.729291     1.0  0.843457  0.591087  0.806086  0.0
3     123.0  4.000000  0.730145   0.730145     1.0  0.844028  0.793769  0.909200  0.0
4     123.0  5.000000  0.269855   0.000000     0.0  0.000000  0.722509  0.868243  0.0
mean  123.0  3.000000  0.637621   0.583650     0.8  0.674910  0.703521  0.860247  0.0
std     0.0  1.414214  0.183883   0.291825     0.4  0.337455  0.102149  0.057813  0.0

===== SUMMARY SEED 123 (AGGREGATED MEAN) =====
             seed  fold  accuracy  precision  recall        f1       auc    pr_auc  mcc
protocol                                                                               
Fine-tuned  123.0   3.0  0.637621   0.583650     0.8  0.674910  0.703521  0.860247  0.0
Frozen      123.0   3.0  0.729679   0.729679     1.0  0.843716  0.756698  0.881142  0.0

===== SUMMARY SEED 123 (AGGREGATED STD) =====
            seed      fold  accuracy  precision    recall        f1       auc    pr_auc  mcc
protocol                                                                                    
Fine-tuned   0.0  1.581139  0.205588   0.326270  0.447214  0.377287  0.114206  0.064637  0.0
Frozen       0.0  1.581139  0.000436   0.000436  0.000000  0.000291  0.093100  0.061206  0.0



===== SUMMARY SEED 2026 (FROZEN) =====
        seed      fold  accuracy  precision  recall        f1       auc    pr_auc  mcc
0     2026.0  1.000000  0.729522   0.729522     1.0  0.843611  0.546664  0.788121  0.0
1     2026.0  2.000000  0.729291   0.729291     1.0  0.843457  0.427460  0.683515  0.0
2     2026.0  3.000000  0.729291   0.729291     1.0  0.843457  0.594183  0.801107  0.0
3     2026.0  4.000000  0.730145   0.730145     1.0  0.844028  0.831783  0.931203  0.0
4     2026.0  5.000000  0.730145   0.730145     1.0  0.844028  0.585519  0.792711  0.0
mean  2026.0  3.000000  0.729679   0.729679     1.0  0.843716  0.597122  0.799332  0.0
std      0.0  1.414214  0.000390   0.000390     0.0  0.000261  0.131560  0.078710  0.0

===== SUMMARY SEED 2026 (FINE-TUNED) =====
        seed      fold  accuracy  precision  recall        f1       auc    pr_auc  mcc
0     2026.0  1.000000  0.729522   0.729522     1.0  0.843611  0.430175  0.699399  0.0
1     2026.0  2.000000  0.729291   0.729291     1.0  0.843457  0.519031  0.773692  0.0
2     2026.0  3.000000  0.729291   0.729291     1.0  0.843457  0.598157  0.808278  0.0
3     2026.0  4.000000  0.730145   0.730145     1.0  0.844028  0.826051  0.923929  0.0
4     2026.0  5.000000  0.269855   0.000000     0.0  0.000000  0.579260  0.786623  0.0
mean  2026.0  3.000000  0.637621   0.583650     0.8  0.674910  0.590535  0.798384  0.0
std      0.0  1.414214  0.183883   0.291825     0.4  0.337455  0.131515  0.072671  0.0

===== SUMMARY SEED 2026 (AGGREGATED MEAN) =====
              seed  fold  accuracy  precision  recall        f1       auc    pr_auc  mcc
protocol                                                                                
Fine-tuned  2026.0   3.0  0.637621   0.583650     0.8  0.674910  0.590535  0.798384  0.0
Frozen      2026.0   3.0  0.729679   0.729679     1.0  0.843716  0.597122  0.799332  0.0

===== SUMMARY SEED 2026 (AGGREGATED STD) =====
            seed      fold  accuracy  precision    recall        f1       auc    pr_auc  mcc
protocol                                                                                    
Fine-tuned   0.0  1.581139  0.205588   0.326270  0.447214  0.377287  0.147038  0.081249  0.0
Frozen       0.0  1.581139  0.000436   0.000436  0.000000  0.000291  0.147089  0.088000  0.0


======================================
      GLOBAL MULTI-SEED SUMMARY
======================================
Average performance per seed:
   seed  accuracy  precision  recall        f1       auc    pr_auc  mcc
0    42  0.545904   0.437792     0.6  0.506219  0.715294  0.869541  0.0
1   123  0.637621   0.583650     0.8  0.674910  0.703521  0.860247  0.0
2  2026  0.637621   0.583650     0.8  0.674910  0.590535  0.798384  0.0

Global Performance Across All Seeds:
               Mean       Std
accuracy   0.607049  0.052953
precision  0.535031  0.084211
recall     0.733333  0.115470
f1         0.618680  0.097394
auc        0.669783  0.068883
pr_auc     0.842724  0.038679
mcc        0.000000  0.000000