===== SUMMARY SEED 42 (FROZEN) =====
      seed      fold  accuracy  precision    recall        f1       auc    pr_auc       mcc
0     42.0  1.000000  0.800341   0.870083  0.853801  0.861865  0.857443  0.945420  0.502272
1     42.0  2.000000  0.814688   0.891759  0.848946  0.869826  0.880300  0.953969  0.551022
2     42.0  3.000000  0.811272   0.866744  0.875878  0.871287  0.868405  0.951427  0.517823
3     42.0  4.000000  0.802733   0.871429  0.856140  0.863717  0.852276  0.945690  0.507046
4     42.0  5.000000  0.820666   0.874564  0.880702  0.877622  0.886346  0.957034  0.542221
mean  42.0  3.000000  0.809940   0.874916  0.863094  0.868864  0.868954  0.950708  0.524077
std    0.0  1.414214  0.007529   0.008788  0.012715  0.005639  0.012978  0.004568  0.019287

===== SUMMARY SEED 42 (FINE-TUNED) =====
      seed      fold  accuracy  precision    recall        f1       auc    pr_auc       mcc
0     42.0  1.000000  0.813993   0.908858  0.828070  0.866585  0.880436  0.954968  0.568399
1     42.0  2.000000  0.819812   0.912709  0.832553  0.870790  0.899379  0.958304  0.581922
2     42.0  3.000000  0.818958   0.901250  0.844262  0.871826  0.887603  0.953873  0.568304
3     42.0  4.000000  0.823228   0.894161  0.859649  0.876565  0.874769  0.954624  0.567072
4     42.0  5.000000  0.837746   0.905983  0.867836  0.886499  0.905085  0.964720  0.604245
mean  42.0  3.000000  0.822747   0.904592  0.846474  0.874453  0.889454  0.957298  0.577988
std    0.0  1.414214  0.008060   0.006419  0.015280  0.006809  0.011342  0.004010  0.014211

===== SUMMARY SEED 42 (AGGREGATED MEAN) =====
            seed  fold  accuracy  precision    recall        f1       auc    pr_auc       mcc
protocol                                                                                     
Fine-tuned  42.0   3.0  0.822747   0.904592  0.846474  0.874453  0.889454  0.957298  0.577988
Frozen      42.0   3.0  0.809940   0.874916  0.863094  0.868864  0.868954  0.950708  0.524077

===== SUMMARY SEED 42 (AGGREGATED STD) =====
            seed      fold  accuracy  precision    recall        f1       auc    pr_auc       mcc
protocol                                                                                         
Fine-tuned   0.0  1.581139  0.009011   0.007176  0.017083  0.007613  0.012681  0.004484  0.015889
Frozen       0.0  1.581139  0.008418   0.009825  0.014216  0.006304  0.014510  0.005107  0.021563


===== SUMMARY SEED 123 (FROZEN) =====
       seed      fold  accuracy  precision    recall        f1       auc    pr_auc       mcc
0     123.0  1.000000  0.820819   0.871972  0.884211  0.878049  0.878363  0.955763  0.540676
1     123.0  2.000000  0.810418   0.859909  0.884075  0.871824  0.865055  0.946821  0.508878
2     123.0  3.000000  0.802733   0.877576  0.847775  0.862418  0.855588  0.944633  0.515327
3     123.0  4.000000  0.812980   0.910853  0.824561  0.865562  0.875972  0.954538  0.568436
4     123.0  5.000000  0.801879   0.845727  0.891228  0.867882  0.863806  0.948635  0.475664
mean  123.0  3.000000  0.809766   0.873207  0.866370  0.869147  0.867757  0.950078  0.521796
std     0.0  1.414214  0.006994   0.021771  0.025859  0.005406  0.008378  0.004349  0.031205

===== SUMMARY SEED 123 (FINE-TUNED) =====
       seed      fold  accuracy  precision    recall        f1       auc    pr_auc       mcc
0     123.0  1.000000  0.831058   0.908075  0.854971  0.880723  0.896002  0.962846  0.595313
1     123.0  2.000000  0.821520   0.894737  0.855972  0.874925  0.889176  0.956522  0.565670
2     123.0  3.000000  0.812126   0.881928  0.857143  0.869359  0.869602  0.950642  0.535943
3     123.0  4.000000  0.808711   0.895859  0.835088  0.864407  0.877393  0.955054  0.544984
4     123.0  5.000000  0.813834   0.890798  0.849123  0.869461  0.879717  0.950150  0.547610
mean  123.0  3.000000  0.817450   0.894279  0.850459  0.871775  0.882378  0.955043  0.557904
std     0.0  1.414214  0.007994   0.008458  0.008167  0.005576  0.009241  0.004613  0.021047

===== SUMMARY SEED 123 (AGGREGATED MEAN) =====
             seed  fold  accuracy  precision    recall        f1       auc    pr_auc       mcc
protocol                                                                                      
Fine-tuned  123.0   3.0  0.817450   0.894279  0.850459  0.871775  0.882378  0.955043  0.557904
Frozen      123.0   3.0  0.809766   0.873207  0.866370  0.869147  0.867757  0.950078  0.521796

===== SUMMARY SEED 123 (AGGREGATED STD) =====
            seed      fold  accuracy  precision    recall        f1       auc    pr_auc       mcc
protocol                                                                                         
Fine-tuned   0.0  1.581139  0.008938   0.009456  0.009131  0.006234  0.010332  0.005157  0.023532
Frozen       0.0  1.581139  0.007820   0.024340  0.028911  0.006045  0.009367  0.004862  0.034888


===== SUMMARY SEED 2026 (FROZEN) =====
        seed      fold  accuracy  precision    recall        f1       auc    pr_auc       mcc
0     2026.0  1.000000  0.813140   0.844156  0.912281  0.876897  0.872175  0.949604  0.498124
1     2026.0  2.000000  0.798463   0.869617  0.851288  0.860355  0.864191  0.949768  0.498904
2     2026.0  3.000000  0.810418   0.860731  0.882904  0.871676  0.868202  0.951475  0.509759
3     2026.0  4.000000  0.818104   0.907360  0.836257  0.870359  0.880006  0.955597  0.572658
4     2026.0  5.000000  0.767720   0.790628  0.927485  0.853606  0.848101  0.942566  0.332935
mean  2026.0  3.000000  0.801569   0.854498  0.882043  0.866579  0.866535  0.949802  0.482476
std      0.0  1.414214  0.018116   0.038074  0.034705  0.008412  0.010596  0.004214  0.079692

===== SUMMARY SEED 2026 (FINE-TUNED) =====
        seed      fold  accuracy  precision    recall        f1       auc    pr_auc       mcc
0     2026.0  1.000000  0.837884   0.899160  0.876023  0.887441  0.894364  0.953196  0.598631
1     2026.0  2.000000  0.820666   0.912821  0.833724  0.871481  0.886295  0.958736  0.583395
2     2026.0  3.000000  0.816396   0.907006  0.833724  0.868822  0.884976  0.958122  0.570380
3     2026.0  4.000000  0.830914   0.920615  0.840936  0.878973  0.900019  0.963485  0.607224
4     2026.0  5.000000  0.801025   0.886816  0.833918  0.859554  0.865482  0.949267  0.522412
mean  2026.0  3.000000  0.821377   0.905283  0.843665  0.873254  0.886227  0.956561  0.576408
std      0.0  1.414214  0.012672   0.011605  0.016414  0.009428  0.011733  0.004891  0.029813

===== SUMMARY SEED 2026 (AGGREGATED MEAN) =====
              seed  fold  accuracy  precision    recall        f1       auc    pr_auc       mcc
protocol                                                                                       
Fine-tuned  2026.0   3.0  0.821377   0.905283  0.843665  0.873254  0.886227  0.956561  0.576408
Frozen      2026.0   3.0  0.801569   0.854498  0.882043  0.866579  0.866535  0.949802  0.482476

===== SUMMARY SEED 2026 (AGGREGATED STD) =====
            seed      fold  accuracy  precision    recall        f1       auc    pr_auc       mcc
protocol                                                                                         
Fine-tuned   0.0  1.581139  0.014168   0.012975  0.018352  0.010541  0.013118  0.005469  0.033332
Frozen       0.0  1.581139  0.020255   0.042568  0.038802  0.009404  0.011846  0.004711  0.089099

======================================
      GLOBAL MULTI-SEED SUMMARY       
======================================
Average performance per seed:
   seed  accuracy  precision    recall        f1       auc    pr_auc       mcc
0    42  0.822747   0.904592  0.846474  0.874453  0.889454  0.957298  0.577988
1   123  0.817450   0.894279  0.850459  0.871775  0.882378  0.955043  0.557904
2  2026  0.821377   0.905283  0.843665  0.873254  0.886227  0.956561  0.576408

Global Performance Across All Seeds:
               Mean       Std
accuracy   0.820525  0.002750
precision  0.901385  0.006163
recall     0.846866  0.003414
f1         0.873161  0.001342
auc        0.886020  0.003543
pr_auc     0.956301  0.001150
mcc        0.570767  0.011168

All results saved to: Results/ConvNeXtTiny