
===== SUMMARY SEED 2026 (FROZEN) =====
        seed      fold  accuracy  precision    recall        f1       auc    pr_auc       mcc
0     2026.0  1.000000  0.813140   0.844156  0.912281  0.876897  0.872175  0.949604  0.498124
1     2026.0  2.000000  0.798463   0.869617  0.851288  0.860355  0.864191  0.949768  0.498904
2     2026.0  3.000000  0.810418   0.860731  0.882904  0.871676  0.868202  0.951475  0.509759
3     2026.0  4.000000  0.818104   0.907360  0.836257  0.870359  0.880006  0.955597  0.572658
4     2026.0  5.000000  0.767720   0.790628  0.927485  0.853606  0.848101  0.942566  0.332935
mean  2026.0  3.000000  0.801569   0.854498  0.882043  0.866579  0.866535  0.949802  0.482476
std      0.0  1.414214  0.018116   0.038074  0.034705  0.008412  0.010596  0.004214  0.079692

===== SUMMARY SEED 2026 (FINE-TUNED) =====
        seed      fold  accuracy  precision    recall        f1       auc    pr_auc       mcc
0     2026.0  1.000000  0.837884   0.899160  0.876023  0.887441  0.894364  0.953196  0.598631
1     2026.0  2.000000  0.820666   0.912821  0.833724  0.871481  0.886295  0.958736  0.583395
2     2026.0  3.000000  0.816396   0.907006  0.833724  0.868822  0.884976  0.958122  0.570380
3     2026.0  4.000000  0.830914   0.920615  0.840936  0.878973  0.900019  0.963485  0.607224
4     2026.0  5.000000  0.801025   0.886816  0.833918  0.859554  0.865482  0.949267  0.522412
mean  2026.0  3.000000  0.821377   0.905283  0.843665  0.873254  0.886227  0.956561  0.576408
std      0.0  1.414214  0.012672   0.011605  0.016414  0.009428  0.011733  0.004891  0.029813

===== SUMMARY SEED 2026 (AGGREGATED MEAN) =====
              seed  fold  accuracy  precision    recall        f1       auc    pr_auc       mcc
protocol                                                                                       
Fine-tuned  2026.0   3.0  0.821377   0.905283  0.843665  0.873254  0.886227  0.956561  0.576408
Frozen      2026.0   3.0  0.801569   0.854498  0.882043  0.866579  0.866535  0.949802  0.482476

===== SUMMARY SEED 2026 (AGGREGATED STD) =====
            seed      fold  accuracy  precision    recall        f1       auc    pr_auc       mcc
protocol                                                                                         
Fine-tuned   0.0  1.581139  0.014168   0.012975  0.018352  0.010541  0.013118  0.005469  0.033332
Frozen       0.0  1.581139  0.020255   0.042568  0.038802  0.009404  0.011846  0.004711  0.089099