
===== SUMMARY SEED 42 (FROZEN) =====
      seed      fold  accuracy  precision    recall        f1       auc    pr_auc       mcc
0     42.0  1.000000  0.800341   0.870083  0.853801  0.861865  0.857443  0.945420  0.502272
1     42.0  2.000000  0.814688   0.891759  0.848946  0.869826  0.880300  0.953969  0.551022
2     42.0  3.000000  0.811272   0.866744  0.875878  0.871287  0.868405  0.951427  0.517823
3     42.0  4.000000  0.802733   0.871429  0.856140  0.863717  0.852276  0.945690  0.507046
4     42.0  5.000000  0.820666   0.874564  0.880702  0.877622  0.886346  0.957034  0.542221
mean  42.0  3.000000  0.809940   0.874916  0.863094  0.868864  0.868954  0.950708  0.524077
std    0.0  1.414214  0.007529   0.008788  0.012715  0.005639  0.012978  0.004568  0.019287

===== SUMMARY SEED 42 (FINE-TUNED) =====
      seed      fold  accuracy  precision    recall        f1       auc    pr_auc       mcc
0     42.0  1.000000  0.813993   0.908858  0.828070  0.866585  0.880436  0.954968  0.568399
1     42.0  2.000000  0.819812   0.912709  0.832553  0.870790  0.899379  0.958304  0.581922
2     42.0  3.000000  0.818958   0.901250  0.844262  0.871826  0.887603  0.953873  0.568304
3     42.0  4.000000  0.823228   0.894161  0.859649  0.876565  0.874769  0.954624  0.567072
4     42.0  5.000000  0.837746   0.905983  0.867836  0.886499  0.905085  0.964720  0.604245
mean  42.0  3.000000  0.822747   0.904592  0.846474  0.874453  0.889454  0.957298  0.577988
std    0.0  1.414214  0.008060   0.006419  0.015280  0.006809  0.011342  0.004010  0.014211

===== SUMMARY SEED 42 (AGGREGATED MEAN) =====
            seed  fold  accuracy  precision    recall        f1       auc    pr_auc       mcc
protocol                                                                                     
Fine-tuned  42.0   3.0  0.822747   0.904592  0.846474  0.874453  0.889454  0.957298  0.577988
Frozen      42.0   3.0  0.809940   0.874916  0.863094  0.868864  0.868954  0.950708  0.524077

===== SUMMARY SEED 42 (AGGREGATED STD) =====
            seed      fold  accuracy  precision    recall        f1       auc    pr_auc       mcc
protocol                                                                                         
Fine-tuned   0.0  1.581139  0.009011   0.007176  0.017083  0.007613  0.012681  0.004484  0.015889
Frozen       0.0  1.581139  0.008418   0.009825  0.014216  0.006304  0.014510  0.005107  0.021563