===== SUMMARY SEED 42 (FROZEN) =====
      seed      fold  accuracy  precision    recall        f1       auc    pr_auc       mcc
0     42.0  1.000000  0.805461   0.842623  0.901754  0.871186  0.883026  0.956865  0.480424
1     42.0  2.000000  0.835184   0.917826  0.850117  0.882675  0.899515  0.960781  0.612189
2     42.0  3.000000  0.833476   0.900365  0.867681  0.883721  0.891219  0.959587  0.592094
3     42.0  4.000000  0.828352   0.921392  0.836257  0.876763  0.884777  0.957347  0.603888
4     42.0  5.000000  0.847139   0.926768  0.858480  0.891318  0.905944  0.964502  0.640334
mean  42.0  3.000000  0.829922   0.901794  0.862858  0.881132  0.892896  0.959816  0.585786
std    0.0  1.414214  0.013694   0.030880  0.022024  0.006795  0.008720  0.002748  0.055030

===== SUMMARY SEED 42 (FINE-TUNED) =====
      seed      fold  accuracy  precision    recall        f1       auc    pr_auc       mcc
0     42.0  1.000000  0.883959   0.929510  0.909942  0.919622  0.944494  0.979883  0.711638
1     42.0  2.000000  0.885568   0.951128  0.888759  0.918886  0.946302  0.978491  0.730262
2     42.0  3.000000  0.897523   0.943237  0.914520  0.928656  0.952083  0.982297  0.748117
3     42.0  4.000000  0.877882   0.917840  0.914620  0.916227  0.938770  0.978029  0.691048
4     42.0  5.000000  0.900939   0.924225  0.941520  0.932793  0.950459  0.981719  0.745005
mean  42.0  3.000000  0.889174   0.933188  0.913872  0.923237  0.946422  0.980084  0.725214
std    0.0  1.414214  0.008670   0.012266  0.016802  0.006353  0.004704  0.001695  0.021417

===== SUMMARY SEED 42 (AGGREGATED MEAN) =====
            seed  fold  accuracy  precision    recall        f1       auc    pr_auc       mcc
protocol                                                                                     
Fine-tuned  42.0   3.0  0.889174   0.933188  0.913872  0.923237  0.946422  0.980084  0.725214
Frozen      42.0   3.0  0.829922   0.901794  0.862858  0.881132  0.892896  0.959816  0.585786

===== SUMMARY SEED 42 (AGGREGATED STD) =====
            seed      fold  accuracy  precision    recall        f1       auc    pr_auc       mcc
protocol                                                                                         
Fine-tuned   0.0  1.581139  0.009693   0.013713  0.018785  0.007103  0.005259  0.001896  0.023945
Frozen       0.0  1.581139  0.015310   0.034525  0.024624  0.007597  0.009750  0.003072  0.061525

===== SUMMARY SEED 123 (FROZEN) =====
       seed      fold  accuracy  precision    recall        f1       auc    pr_auc       mcc
0     123.0  1.000000  0.837884   0.929032  0.842105  0.883436  0.902426  0.966240  0.627531
1     123.0  2.000000  0.815542   0.923077  0.814988  0.865672  0.885730  0.954305  0.586459
2     123.0  3.000000  0.818958   0.878538  0.872365  0.875441  0.882764  0.955480  0.544251
3     123.0  4.000000  0.818104   0.943370  0.798830  0.865104  0.896606  0.962818  0.611342
4     123.0  5.000000  0.817250   0.931359  0.809357  0.866083  0.890551  0.957658  0.597257
mean  123.0  3.000000  0.821548   0.921075  0.827529  0.871147  0.891615  0.959300  0.593368
std     0.0  1.414214  0.008246   0.022269  0.026585  0.007233  0.007154  0.004534  0.028162

===== SUMMARY SEED 123 (FINE-TUNED) =====
       seed      fold  accuracy  precision    recall        f1       auc    pr_auc       mcc
0     123.0  1.000000  0.896758   0.926744  0.932164  0.929446  0.959636  0.985762  0.737127
1     123.0  2.000000  0.898377   0.931845  0.928571  0.930205  0.947111  0.979391  0.743410
2     123.0  3.000000  0.870196   0.921875  0.898126  0.909846  0.929850  0.973292  0.679016
3     123.0  4.000000  0.880444   0.942999  0.890058  0.915764  0.946162  0.980904  0.713999
4     123.0  5.000000  0.886422   0.960459  0.880702  0.918853  0.957021  0.983538  0.738505
mean  123.0  3.000000  0.886439   0.936784  0.905924  0.920823  0.947956  0.980578  0.722411
std     0.0  1.414214  0.010476   0.013759  0.020737  0.007904  0.010492  0.004248  0.023960

===== SUMMARY SEED 123 (AGGREGATED MEAN) =====
             seed  fold  accuracy  precision    recall        f1       auc    pr_auc       mcc
protocol                                                                                      
Fine-tuned  123.0   3.0  0.886439   0.936784  0.905924  0.920823  0.947956  0.980578  0.722411
Frozen      123.0   3.0  0.821548   0.921075  0.827529  0.871147  0.891615  0.959300  0.593368

===== SUMMARY SEED 123 (AGGREGATED STD) =====
            seed      fold  accuracy  precision    recall        f1       auc    pr_auc       mcc
protocol                                                                                         
Fine-tuned   0.0  1.581139  0.011713   0.015384  0.023185  0.008837  0.011730  0.004750  0.026788
Frozen       0.0  1.581139  0.009219   0.024898  0.029723  0.008087  0.007998  0.005069  0.031486

===== SUMMARY SEED 2026 (FROZEN) =====
        seed      fold  accuracy  precision    recall        f1       auc    pr_auc       mcc
0     2026.0  1.000000  0.839590   0.924841  0.849123  0.885366  0.898375  0.960395  0.626236
1     2026.0  2.000000  0.836038   0.938992  0.829040  0.880597  0.894307  0.962464  0.634623
2     2026.0  3.000000  0.828352   0.881871  0.882904  0.882387  0.895223  0.961176  0.564854
3     2026.0  4.000000  0.842015   0.943122  0.833918  0.885164  0.903686  0.963460  0.647588
4     2026.0  5.000000  0.803587   0.927497  0.792982  0.854981  0.874624  0.952620  0.573064
mean  2026.0  3.000000  0.829916   0.923264  0.837593  0.877699  0.893243  0.960023  0.609273
std      0.0  1.414214  0.013951   0.021797  0.029199  0.011498  0.009870  0.003848  0.033712

===== SUMMARY SEED 2026 (FINE-TUNED) =====
        seed      fold  accuracy  precision    recall        f1       auc    pr_auc       mcc
0     2026.0  1.000000  0.895051   0.937799  0.916959  0.927262  0.954415  0.982551  0.739587
1     2026.0  2.000000  0.906917   0.957055  0.913349  0.934691  0.959238  0.986012  0.775599
2     2026.0  3.000000  0.869342   0.943110  0.873536  0.906991  0.946960  0.980815  0.694290
3     2026.0  4.000000  0.907771   0.962825  0.908772  0.935018  0.959738  0.984941  0.780505
4     2026.0  5.000000  0.868488   0.940881  0.874854  0.906667  0.937001  0.975022  0.690331
mean  2026.0  3.000000  0.889514   0.948334  0.897494  0.922126  0.951470  0.981868  0.736062
std      0.0  1.414214  0.017412   0.009797  0.019204  0.012795  0.008568  0.003875  0.038437

===== SUMMARY SEED 2026 (AGGREGATED MEAN) =====
              seed  fold  accuracy  precision    recall        f1       auc    pr_auc       mcc
protocol                                                                                       
Fine-tuned  2026.0   3.0  0.889514   0.948334  0.897494  0.922126  0.951470  0.981868  0.736062
Frozen      2026.0   3.0  0.829916   0.923264  0.837593  0.877699  0.893243  0.960023  0.609273

===== SUMMARY SEED 2026 (AGGREGATED STD) =====
            seed      fold  accuracy  precision    recall        f1       auc    pr_auc       mcc
protocol                                                                                         
Fine-tuned   0.0  1.581139  0.019467   0.010953  0.021471  0.014305  0.009579  0.004332  0.042974
Frozen       0.0  1.581139  0.015598   0.024369  0.032645  0.012855  0.011035  0.004302  0.037692

======================================
      GLOBAL MULTI-SEED SUMMARY       
======================================
Average performance per seed:
   seed  accuracy  precision    recall        f1       auc    pr_auc       mcc
0    42  0.889174   0.933188  0.913872  0.923237  0.946422  0.980084  0.725214
1   123  0.886439   0.936784  0.905924  0.920823  0.947956  0.980578  0.722411
2  2026  0.889514   0.948334  0.897494  0.922126  0.951470  0.981868  0.736062

Global Performance Across All Seeds:
               Mean       Std
accuracy   0.888376  0.001686
precision  0.939435  0.007913
recall     0.905763  0.008190
f1         0.922062  0.001208
auc        0.948616  0.002588
pr_auc     0.980843  0.000921
mcc        0.727896  0.007210

All results saved to: Results/ResNet50